Date	21-01-20
Spectrometer	QEB1691
Lamp SN	F1402-5
Int. Time(usec)	750000
Average	0
	0
Fiber (micron)	 3900 
	
[uJoule/count]
199.63250	0.0000000E+00
200.43890	0.0000000E+00
201.24530	0.0000000E+00
202.05150	0.0000000E+00
202.85770	1.5741940E-03
203.66390	1.4606148E-03
204.47000	1.3712479E-03
205.27610	1.2885596E-03
206.08210	1.2115508E-03
206.88800	1.1405596E-03
207.69390	1.0738747E-03
208.49970	1.0110275E-03
209.30550	9.5281341E-04
210.11120	8.9920139E-04
210.91690	8.4915676E-04
211.72250	8.0337913E-04
212.52800	7.6112410E-04
213.33350	7.2262621E-04
214.13890	6.8747272E-04
214.94430	6.5509760E-04
215.74960	6.2530828E-04
216.55490	5.9804232E-04
217.36010	5.7336044E-04
218.16530	5.5018929E-04
218.97040	5.2826897E-04
219.77540	5.0751858E-04
220.58040	4.8727435E-04
221.38530	4.6765052E-04
222.19020	4.4901720E-04
222.99500	4.3049976E-04
223.79980	4.1259399E-04
224.60450	3.9510979E-04
225.40910	3.7854953E-04
226.21370	3.6269733E-04
227.01820	3.4750617E-04
227.82270	3.3280437E-04
228.62710	3.1871919E-04
229.43150	3.0540299E-04
230.23580	2.9279319E-04
231.04010	2.8051295E-04
231.84420	2.6908174E-04
232.64840	2.5840715E-04
233.45250	2.4856126E-04
234.25650	2.3938929E-04
235.06040	2.3091917E-04
235.86440	2.2334460E-04
236.66820	2.1638767E-04
237.47200	2.1002411E-04
238.27570	2.0412476E-04
239.07940	1.9866002E-04
239.88300	1.9354020E-04
240.68660	1.8888053E-04
241.49010	1.8454011E-04
242.29350	1.8043203E-04
243.09690	1.7664318E-04
243.90030	1.7309759E-04
244.70350	1.6979607E-04
245.50680	1.6678962E-04
246.30990	1.6394163E-04
247.11300	1.6129988E-04
247.91610	1.5878201E-04
248.71910	1.5645494E-04
249.52200	1.5426288E-04
250.32490	1.5227806E-04
251.12770	1.5052964E-04
251.93040	1.4891552E-04
252.73310	1.4741153E-04
253.53580	1.4599146E-04
254.33840	1.4466097E-04
255.14090	1.4351520E-04
255.94330	1.4257170E-04
256.74580	1.4170140E-04
257.54810	1.4092355E-04
258.35040	1.4022026E-04
259.15260	1.3955289E-04
259.95480	1.3895419E-04
260.75690	1.3853271E-04
261.55900	1.3815531E-04
262.36100	1.3780926E-04
263.16290	1.3746225E-04
263.96480	1.3708541E-04
264.76660	1.3671318E-04
265.56840	1.3654048E-04
266.37010	1.3640215E-04
267.17170	1.3622656E-04
267.97330	1.3605383E-04
268.77490	1.3575375E-04
269.57630	1.3538488E-04
270.37770	1.3504797E-04
271.17910	1.3473709E-04
271.98040	1.3428929E-04
272.78160	1.3376249E-04
273.58280	1.3316080E-04
274.38390	1.3240121E-04
275.18500	1.3155888E-04
275.98600	1.3074643E-04
276.78690	1.2984278E-04
277.58780	1.2891972E-04
278.38860	1.2787791E-04
279.18940	1.2681134E-04
279.99010	1.2563833E-04
280.79070	1.2468344E-04
281.59130	1.2364383E-04
282.39180	1.2257723E-04
283.19230	1.2152603E-04
283.99270	1.2046577E-04
284.79310	1.1936600E-04
285.59330	1.1839661E-04
286.39360	1.1743718E-04
287.19370	1.1650627E-04
287.99390	1.1551094E-04
288.79390	1.1451792E-04
289.59390	1.1351469E-04
290.39380	1.1259672E-04
291.19370	1.1182322E-04
291.99350	1.1100383E-04
292.79320	1.1026259E-04
293.59290	1.0958160E-04
294.39260	1.0895301E-04
295.19210	1.0842315E-04
295.99160	1.0800740E-04
296.79110	1.0765150E-04
297.59050	1.0735760E-04
298.38980	1.0706959E-04
299.18910	1.0682442E-04
299.98830	1.0651747E-04
300.78740	1.0649703E-04
301.58650	1.0644959E-04
302.38550	1.0636849E-04
303.18450	1.0619821E-04
303.98340	1.0592503E-04
304.78230	1.0559837E-04
305.58100	1.0522571E-04
306.37980	1.0478224E-04
307.17840	1.0434005E-04
307.97700	1.0386446E-04
308.77560	1.0337563E-04
309.57410	1.0289503E-04
310.37250	1.0249940E-04
311.17080	1.0229597E-04
311.96910	1.0216695E-04
312.76740	1.0214423E-04
313.56550	1.0224121E-04
314.36370	1.0251024E-04
315.16170	1.0280746E-04
315.95970	1.0302409E-04
316.75760	1.0319437E-04
317.55550	1.0325944E-04
318.35330	1.0327467E-04
319.15110	1.0323955E-04
319.94870	1.0312496E-04
320.74640	1.0299755E-04
321.54390	1.0275830E-04
322.34140	1.0239962E-04
323.13890	1.0183469E-04
323.93630	1.0119489E-04
324.73360	1.0055580E-04
325.53080	9.9866496E-05
326.32800	9.9101509E-05
327.12520	9.8316472E-05
327.92220	9.7716827E-05
328.71920	9.7313394E-05
329.51620	9.6905274E-05
330.31310	9.6481348E-05
331.10990	9.6029582E-05
331.90670	9.5522782E-05
332.70340	9.4941737E-05
333.50000	9.4399184E-05
334.29660	9.3996608E-05
335.09310	9.3777040E-05
335.88950	9.3660367E-05
336.68590	9.3305980E-05
337.48230	9.2738440E-05
338.27850	9.2217717E-05
339.07470	9.1784303E-05
339.87090	9.1428959E-05
340.66700	9.1200899E-05
341.46300	9.1083746E-05
342.25890	9.1019703E-05
343.05480	9.0940448E-05
343.85060	9.0846860E-05
344.64640	9.0808517E-05
345.44210	9.0795332E-05
346.23780	9.0735897E-05
347.03330	9.0669726E-05
347.82880	9.0538752E-05
348.62430	9.0417584E-05
349.41970	9.0259258E-05
350.21500	9.0101083E-05
351.01030	9.0064614E-05
351.80550	9.0060201E-05
352.60060	9.0024155E-05
353.39570	8.9878572E-05
354.19070	8.9713068E-05
354.98570	8.9539012E-05
355.78050	8.9476201E-05
356.57540	8.9392044E-05
357.37010	8.9243083E-05
358.16480	8.9102897E-05
358.95950	8.8927042E-05
359.75400	8.8701530E-05
360.54850	8.8412830E-05
361.34300	8.8049922E-05
362.13740	8.7608288E-05
362.93170	8.7057428E-05
363.72590	8.6464970E-05
364.52010	8.5872390E-05
365.31420	8.5423353E-05
366.10830	8.5139253E-05
366.90230	8.4820717E-05
367.69620	8.4516200E-05
368.49010	8.4199713E-05
369.28390	8.3821172E-05
370.07770	8.3369538E-05
370.87130	8.3008222E-05
371.66500	8.2609192E-05
372.45850	8.2189415E-05
373.25200	8.1604331E-05
374.04540	8.0886168E-05
374.83880	8.0043364E-05
375.63210	7.9533593E-05
376.42530	7.9032037E-05
377.21850	7.8516318E-05
378.01160	7.7968387E-05
378.80460	7.7432053E-05
379.59760	7.6884444E-05
380.39050	7.6355276E-05
381.18340	7.5852129E-05
381.97610	7.5330874E-05
382.76890	7.4793784E-05
383.56150	7.4240995E-05
384.35410	7.3677071E-05
385.14660	7.3086040E-05
385.93910	7.2535193E-05
386.73150	7.1980204E-05
387.52380	7.1398489E-05
388.31610	7.0806923E-05
389.10830	7.0197603E-05
389.90040	6.9570740E-05
390.69250	6.8984112E-05
391.48450	6.8375927E-05
392.27640	6.7755087E-05
393.06830	6.7126744E-05
393.86010	6.6485916E-05
394.65190	6.5835527E-05
395.44350	6.5198145E-05
396.23520	6.4570414E-05
397.02670	6.3917369E-05
397.81820	6.3258362E-05
398.60960	6.2599577E-05
399.40100	6.1918609E-05
400.19220	6.1237725E-05
400.98350	6.0599597E-05
401.77460	5.9936898E-05
402.56570	5.9288251E-05
403.35680	5.8626659E-05
404.14770	5.7961485E-05
404.93860	5.7297547E-05
405.72940	5.6681256E-05
406.52020	5.6068222E-05
407.31090	5.5448784E-05
408.10150	5.4835636E-05
408.89210	5.4216324E-05
409.68260	5.3595114E-05
410.47300	5.2997608E-05
411.26340	5.2411824E-05
412.05370	5.1829940E-05
412.84400	5.1255466E-05
413.63410	5.0687493E-05
414.42420	5.0134271E-05
415.21430	4.9600848E-05
416.00430	4.9086276E-05
416.79420	4.8581906E-05
417.58400	4.8087562E-05
418.37380	4.7603261E-05
419.16350	4.7130646E-05
419.95310	4.6675995E-05
420.74270	4.6259984E-05
421.53220	4.5843923E-05
422.32170	4.5435121E-05
423.11100	4.5036671E-05
423.90030	4.4645900E-05
424.68960	4.4268662E-05
425.47880	4.3906787E-05
426.26790	4.3558405E-05
427.05690	4.3216926E-05
427.84590	4.2879196E-05
428.63480	4.2541528E-05
429.42370	4.2197568E-05
430.21240	4.1870962E-05
431.00110	4.1564616E-05
431.78980	4.1258890E-05
432.57840	4.0950453E-05
433.36690	4.0642334E-05
434.15530	4.0334042E-05
434.94370	4.0023549E-05
435.73200	3.9730651E-05
436.52020	3.9443019E-05
437.30840	3.9162235E-05
438.09650	3.8889245E-05
438.88460	3.8616140E-05
439.67250	3.8352107E-05
440.46040	3.8104159E-05
441.24830	3.7860424E-05
442.03600	3.7618609E-05
442.82370	3.7391382E-05
443.61140	3.7168148E-05
444.39890	3.6947900E-05
445.18640	3.6743023E-05
445.97390	3.6543889E-05
446.76120	3.6346788E-05
447.54850	3.6155344E-05
448.33580	3.5958748E-05
449.12290	3.5769179E-05
449.91000	3.5583341E-05
450.69700	3.5414204E-05
451.48400	3.5245975E-05
452.27090	3.5077968E-05
453.05770	3.4914609E-05
453.84450	3.4750640E-05
454.63110	3.4589170E-05
455.41780	3.4434842E-05
456.20430	3.4283952E-05
456.99080	3.4139402E-05
457.77720	3.3989086E-05
458.56360	3.3839490E-05
459.34980	3.3686616E-05
460.13600	3.3541144E-05
460.92220	3.3398366E-05
461.70820	3.3255854E-05
462.49420	3.3114463E-05
463.28020	3.2974331E-05
464.06600	3.2832349E-05
464.85180	3.2694695E-05
465.63760	3.2556236E-05
466.42320	3.2420469E-05
467.20880	3.2286499E-05
467.99430	3.2154702E-05
468.77980	3.2021613E-05
469.56520	3.1886528E-05
470.35050	3.1752807E-05
471.13570	3.1625723E-05
471.92090	3.1498180E-05
472.70600	3.1370692E-05
473.49110	3.1241156E-05
474.27600	3.1111425E-05
475.06090	3.0987585E-05
475.84580	3.0863856E-05
476.63050	3.0740952E-05
477.41520	3.0623033E-05
478.19980	3.0504712E-05
478.98440	3.0384802E-05
479.76890	3.0261798E-05
480.55330	3.0139106E-05
481.33760	3.0021725E-05
482.12190	2.9902648E-05
482.90610	2.9784491E-05
483.69030	2.9664598E-05
484.47430	2.9545745E-05
485.25830	2.9429703E-05
486.04230	2.9311640E-05
486.82610	2.9198232E-05
487.60990	2.9089552E-05
488.39360	2.8982961E-05
489.17730	2.8878737E-05
489.96090	2.8773205E-05
490.74440	2.8676994E-05
491.52780	2.8584411E-05
492.31120	2.8494678E-05
493.09450	2.8406638E-05
493.87770	2.8323971E-05
494.66090	2.8243868E-05
495.44400	2.8164268E-05
496.22700	2.8088672E-05
497.00990	2.8014984E-05
497.79280	2.7941723E-05
498.57560	2.7868376E-05
499.35840	2.7791898E-05
500.14100	2.7716339E-05
500.92360	2.7644683E-05
501.70620	2.7562556E-05
502.48860	2.7477093E-05
503.27100	2.7389949E-05
504.05330	2.7297791E-05
504.83560	2.7200675E-05
505.61770	2.7104830E-05
506.39980	2.7009496E-05
507.18190	2.6909936E-05
507.96380	2.6809804E-05
508.74570	2.6710235E-05
509.52750	2.6609048E-05
510.30930	2.6514145E-05
511.09100	2.6419155E-05
511.87260	2.6324720E-05
512.65410	2.6236261E-05
513.43560	2.6149207E-05
514.21700	2.6061511E-05
514.99830	2.5978658E-05
515.77960	2.5898594E-05
516.56070	2.5820419E-05
517.34180	2.5745822E-05
518.12290	2.5671537E-05
518.90390	2.5594466E-05
519.68470	2.5524396E-05
520.46560	2.5457533E-05
521.24630	2.5388630E-05
522.02700	2.5325393E-05
522.80760	2.5265078E-05
523.58820	2.5204100E-05
524.36860	2.5143610E-05
525.14900	2.5085467E-05
525.92930	2.5028806E-05
526.70960	2.4973674E-05
527.48980	2.4916368E-05
528.26990	2.4856941E-05
529.04990	2.4799069E-05
529.82990	2.4742442E-05
530.60980	2.4683471E-05
531.38960	2.4623635E-05
532.16930	2.4567862E-05
532.94900	2.4510440E-05
533.72860	2.4453602E-05
534.50810	2.4400028E-05
535.28760	2.4347384E-05
536.06700	2.4296286E-05
536.84630	2.4249455E-05
537.62560	2.4203988E-05
538.40470	2.4158402E-05
539.18380	2.4115010E-05
539.96280	2.4073264E-05
540.74180	2.4030232E-05
541.52070	2.3987159E-05
542.29950	2.3945155E-05
543.07820	2.3903335E-05
543.85690	2.3861805E-05
544.63550	2.3818539E-05
545.41400	2.3776264E-05
546.19240	2.3735759E-05
546.97080	2.3696519E-05
547.74910	2.3656438E-05
548.52730	2.3618134E-05
549.30550	2.3581482E-05
550.08360	2.3545392E-05
550.86160	2.3509339E-05
551.63950	2.3478451E-05
552.41740	2.3448726E-05
553.19520	2.3418223E-05
553.97290	2.3387004E-05
554.75050	2.3357739E-05
555.52810	2.3327987E-05
556.30560	2.3296972E-05
557.08300	2.3266594E-05
557.86040	2.3235392E-05
558.63760	2.3203473E-05
559.41480	2.3175918E-05
560.19200	2.3146817E-05
560.96900	2.3117046E-05
561.74600	2.3090678E-05
562.52290	2.3062749E-05
563.29970	2.3036728E-05
564.07650	2.3011281E-05
564.85320	2.2985560E-05
565.62980	2.2961055E-05
566.40630	2.2938925E-05
567.18280	2.2916320E-05
567.95920	2.2890704E-05
568.73550	2.2865045E-05
569.51180	2.2837442E-05
570.28790	2.2808063E-05
571.06400	2.2780644E-05
571.84000	2.2753086E-05
572.61600	2.2726595E-05
573.39190	2.2697821E-05
574.16770	2.2670720E-05
574.94340	2.2645161E-05
575.71900	2.2623817E-05
576.49460	2.2604501E-05
577.27010	2.2586782E-05
578.04560	2.2569334E-05
578.82090	2.2552820E-05
579.59620	2.2537485E-05
580.37140	2.2522173E-05
581.14650	2.2510107E-05
581.92160	2.2500078E-05
582.69660	2.2490767E-05
583.47150	2.2483273E-05
584.24630	2.2475373E-05
585.02110	2.2464871E-05
585.79570	2.2453852E-05
586.57030	2.2447099E-05
587.34490	2.2437925E-05
588.11930	2.2429463E-05
588.89370	2.2420554E-05
589.66800	2.2411681E-05
590.44230	2.2401614E-05
591.21640	2.2390743E-05
591.99050	2.2381043E-05
592.76450	2.2372610E-05
593.53840	2.2367611E-05
594.31230	2.2362824E-05
595.08610	2.2357922E-05
595.85980	2.2353027E-05
596.63340	2.2349865E-05
597.40700	2.2347908E-05
598.18050	2.2342924E-05
598.95390	2.2335477E-05
599.72720	2.2325122E-05
600.50040	2.2313625E-05
601.27360	2.2300657E-05
602.04670	2.2284454E-05
602.81970	2.2267826E-05
603.59270	2.2248165E-05
604.36560	2.2226516E-05
605.13840	2.2203989E-05
605.91110	2.2180604E-05
606.68370	2.2159275E-05
607.45630	2.2137559E-05
608.22880	2.2114837E-05
609.00120	2.2095661E-05
609.77360	2.2076476E-05
610.54590	2.2055118E-05
611.31800	2.2038010E-05
612.09020	2.2021605E-05
612.86220	2.2004362E-05
613.63420	2.1990868E-05
614.40610	2.1976459E-05
615.17790	2.1963336E-05
615.94960	2.1953010E-05
616.72130	2.1943956E-05
617.49280	2.1934733E-05
618.26430	2.1929202E-05
619.03580	2.1924692E-05
619.80710	2.1921794E-05
620.57840	2.1922194E-05
621.34960	2.1922726E-05
622.12070	2.1926039E-05
622.89180	2.1928798E-05
623.66270	2.1930519E-05
624.43360	2.1933738E-05
625.20450	2.1932382E-05
625.97520	2.1929055E-05
626.74590	2.1924446E-05
627.51640	2.1917538E-05
628.28700	2.1907979E-05
629.05740	2.1893627E-05
629.82770	2.1881372E-05
630.59800	2.1867958E-05
631.36820	2.1851681E-05
632.13830	2.1836148E-05
632.90840	2.1822778E-05
633.67840	2.1807385E-05
634.44820	2.1796949E-05
635.21810	2.1788298E-05
635.98780	2.1778259E-05
636.75750	2.1769765E-05
637.52700	2.1763245E-05
638.29650	2.1760046E-05
639.06600	2.1754959E-05
639.83530	2.1751505E-05
640.60460	2.1750889E-05
641.37380	2.1750680E-05
642.14290	2.1751684E-05
642.91190	2.1753383E-05
643.68090	2.1755049E-05
644.44980	2.1757427E-05
645.21860	2.1762588E-05
645.98730	2.1768168E-05
646.75600	2.1774458E-05
647.52450	2.1781597E-05
648.29300	2.1791010E-05
649.06140	2.1801129E-05
649.82980	2.1808292E-05
650.59800	2.1815412E-05
651.36620	2.1825572E-05
652.13430	2.1836556E-05
652.90240	2.1845171E-05
653.67030	2.1853353E-05
654.43820	2.1864123E-05
655.20600	2.1872728E-05
655.97370	2.1880122E-05
656.74130	2.1888938E-05
657.50890	2.1896106E-05
658.27630	2.1907413E-05
659.04370	2.1921372E-05
659.81110	2.1932246E-05
660.57830	2.1943207E-05
661.34550	2.1954922E-05
662.11250	2.1965879E-05
662.87950	2.1979348E-05
663.64650	2.1990068E-05
664.41330	2.2001147E-05
665.18010	2.2012050E-05
665.94680	2.2022383E-05
666.71340	2.2031837E-05
667.47990	2.2041964E-05
668.24640	2.2051289E-05
669.01270	2.2062714E-05
669.77900	2.2075706E-05
670.54520	2.2087388E-05
671.31140	2.2099292E-05
672.07740	2.2113075E-05
672.84340	2.2128136E-05
673.60930	2.2143838E-05
674.37510	2.2162344E-05
675.14090	2.2178922E-05
675.90650	2.2196066E-05
676.67210	2.2216108E-05
677.43760	2.2235505E-05
678.20300	2.2256187E-05
678.96840	2.2276878E-05
679.73360	2.2300256E-05
680.49880	2.2325539E-05
681.26390	2.2347417E-05
682.02890	2.2371691E-05
682.79390	2.2396544E-05
683.55870	2.2420625E-05
684.32350	2.2443607E-05
685.08820	2.2467678E-05
685.85290	2.2489762E-05
686.61740	2.2510605E-05
687.38190	2.2529514E-05
688.14620	2.2549287E-05
688.91050	2.2572641E-05
689.67480	2.2592667E-05
690.43890	2.2612178E-05
691.20300	2.2634360E-05
691.96700	2.2657840E-05
692.73090	2.2683634E-05
693.49470	2.2710052E-05
694.25840	2.2740267E-05
695.02210	2.2776254E-05
695.78570	2.2814128E-05
696.54920	2.2849581E-05
697.31260	2.2886385E-05
698.07590	2.2925061E-05
698.83920	2.2958418E-05
699.60240	2.2983832E-05
700.36540	2.3010035E-05
701.12850	2.3035355E-05
701.89140	2.3053670E-05
702.65430	2.3068412E-05
703.41700	2.3086983E-05
704.17970	2.3108186E-05
704.94230	2.3129004E-05
705.70490	2.3146292E-05
706.46730	2.3170213E-05
707.22970	2.3205476E-05
707.99200	2.3241460E-05
708.75420	2.3275513E-05
709.51630	2.3319204E-05
710.27830	2.3371803E-05
711.04030	2.3422861E-05
711.80220	2.3469813E-05
712.56400	2.3526587E-05
713.32570	2.3592018E-05
714.08730	2.3660970E-05
714.84890	2.3732548E-05
715.61040	2.3812824E-05
716.37180	2.3906115E-05
717.13310	2.4006847E-05
717.89430	2.4105814E-05
718.65550	2.4207059E-05
719.41650	2.4317829E-05
720.17750	2.4428303E-05
720.93840	2.4524713E-05
721.69920	2.4618255E-05
722.46000	2.4710996E-05
723.22060	2.4796903E-05
723.98120	2.4863182E-05
724.74170	2.4910004E-05
725.50210	2.4950326E-05
726.26240	2.4988405E-05
727.02270	2.5014337E-05
727.78280	2.5030195E-05
728.54290	2.5048421E-05
729.30290	2.5071287E-05
730.06280	2.5092923E-05
730.82270	2.5103880E-05
731.58240	2.5117718E-05
732.34210	2.5144707E-05
733.10170	2.5175166E-05
733.86120	2.5199252E-05
734.62060	2.5220425E-05
735.38000	2.5245253E-05
736.13920	2.5277564E-05
736.89840	2.5308000E-05
737.65750	2.5327529E-05
738.41650	2.5344278E-05
739.17540	2.5371308E-05
739.93430	2.5397519E-05
740.69300	2.5415874E-05
741.45170	2.5429639E-05
742.21030	2.5454244E-05
742.96880	2.5498332E-05
743.72730	2.5548050E-05
744.48560	2.5594556E-05
745.24390	2.5645237E-05
746.00210	2.5705912E-05
746.76020	2.5772522E-05
747.51820	2.5830164E-05
748.27610	2.5874847E-05
749.03390	2.5921959E-05
749.79170	2.5978833E-05
750.54940	2.6026020E-05
751.30700	2.6053175E-05
752.06450	2.6068128E-05
752.82190	2.6087675E-05
753.57930	2.6115677E-05
754.33660	2.6135242E-05
755.09370	2.6147386E-05
755.85080	2.6164952E-05
756.60780	2.6201450E-05
757.36480	2.6249025E-05
758.12160	2.6292446E-05
758.87840	2.6332978E-05
759.63510	2.6374578E-05
760.39170	2.6425323E-05
761.14820	2.6480781E-05
761.90460	2.6528007E-05
762.66090	2.6568478E-05
763.41720	2.6612830E-05
764.17340	2.6666625E-05
764.92950	2.6723496E-05
765.68550	2.6773014E-05
766.44140	2.6820287E-05
767.19720	2.6874631E-05
767.95300	2.6942670E-05
768.70870	2.7017232E-05
769.46430	2.7084967E-05
770.21980	2.7145104E-05
770.97520	2.7204336E-05
771.73050	2.7272269E-05
772.48580	2.7343381E-05
773.24090	2.7410005E-05
773.99600	2.7470177E-05
774.75100	2.7527259E-05
775.50590	2.7589634E-05
776.26070	2.7658514E-05
777.01550	2.7721766E-05
777.77010	2.7779414E-05
778.52470	2.7839967E-05
779.27920	2.7912433E-05
780.03360	2.7998857E-05
780.78790	2.8086292E-05
781.54210	2.8172553E-05
782.29630	2.8261152E-05
783.05030	2.8360489E-05
783.80430	2.8470083E-05
784.55820	2.8576977E-05
785.31200	2.8675756E-05
786.06570	2.8765660E-05
786.81940	2.8850301E-05
787.57290	2.8935041E-05
788.32640	2.9020438E-05
789.07980	2.9098297E-05
789.83310	2.9167649E-05
790.58630	2.9225370E-05
791.33940	2.9279044E-05
792.09240	2.9339610E-05
792.84540	2.9405921E-05
793.59820	2.9475868E-05
794.35100	2.9550260E-05
795.10370	2.9625914E-05
795.85630	2.9705675E-05
796.60880	2.9799992E-05
797.36130	2.9898739E-05
798.11360	2.9993602E-05
798.86590	3.0085823E-05
799.61810	3.0172585E-05
800.37020	3.0261922E-05
801.12220	3.0353458E-05
801.87410	3.0451908E-05
802.62590	3.0554268E-05
803.37770	3.0649081E-05
804.12940	3.0733404E-05
804.88090	3.0821434E-05
805.63240	3.0925067E-05
806.38380	3.1044613E-05
807.13520	3.1161320E-05
807.88640	3.1256428E-05
808.63750	3.1335495E-05
809.38860	3.1421571E-05
810.13960	3.1527538E-05
810.89050	3.1646186E-05
811.64130	3.1758160E-05
812.39200	3.1844554E-05
813.14260	3.1905080E-05
813.89310	3.1971037E-05
814.64360	3.2068322E-05
815.39400	3.2186563E-05
816.14420	3.2303990E-05
816.89440	3.2394704E-05
817.64450	3.2455326E-05
818.39460	3.2517952E-05
819.14450	3.2618946E-05
819.89430	3.2757909E-05
820.64410	3.2889822E-05
821.39380	3.2978279E-05
822.14330	3.3034381E-05
822.89280	3.3098371E-05
823.64220	3.3200490E-05
824.39160	3.3335909E-05
825.14080	3.3474114E-05
825.89000	3.3574015E-05
826.63900	3.3628904E-05
827.38800	3.3684206E-05
828.13690	3.3776578E-05
828.88570	3.3912574E-05
829.63440	3.4060395E-05
830.38300	3.4165218E-05
831.13150	3.4219098E-05
831.88000	3.4267447E-05
832.62840	3.4358828E-05
833.37660	3.4499531E-05
834.12480	3.4656281E-05
834.87290	3.4777383E-05
835.62090	3.4836349E-05
836.36880	3.4880940E-05
837.11670	3.4973256E-05
837.86440	3.5135690E-05
838.61210	3.5340951E-05
839.35960	3.5525707E-05
840.10710	3.5638535E-05
840.85450	3.5691268E-05
841.60180	3.5755260E-05
842.34900	3.5882726E-05
843.09620	3.6060868E-05
843.84320	3.6222251E-05
844.59020	3.6298786E-05
845.33700	3.6292501E-05
846.08380	3.6278534E-05
846.83050	3.6321925E-05
847.57710	3.6425919E-05
848.32360	3.6544761E-05
849.07000	3.6623652E-05
849.81640	3.6647600E-05
850.56260	3.6655256E-05
851.30880	3.6706475E-05
852.05480	3.6844829E-05
852.80080	3.7039609E-05
853.54670	3.7213438E-05
854.29250	3.7306990E-05
855.03820	3.7330843E-05
855.78380	3.7375155E-05
856.52940	3.7503455E-05
857.27480	3.7697890E-05
858.02020	3.7894518E-05
858.76540	3.8029157E-05
859.51060	3.8078968E-05
860.25570	3.8094917E-05
861.00070	3.8173995E-05
861.74560	3.8349718E-05
862.49040	3.8583400E-05
863.23520	3.8796313E-05
863.97980	3.8924103E-05
864.72430	3.8981329E-05
865.46880	3.9051513E-05
866.21320	3.9222071E-05
866.95750	3.9477992E-05
867.70170	3.9761372E-05
868.44580	3.9995367E-05
869.18980	4.0133733E-05
869.93370	4.0209988E-05
870.67750	4.0339318E-05
871.42130	4.0579484E-05
872.16500	4.0883994E-05
872.90850	4.1185615E-05
873.65200	4.1417021E-05
874.39540	4.1530148E-05
875.13870	4.1607709E-05
875.88190	4.1750158E-05
876.62500	4.1986565E-05
877.36800	4.2263845E-05
878.11100	4.2500204E-05
878.85380	4.2621221E-05
879.59660	4.2628591E-05
880.33920	4.2627980E-05
881.08180	4.2714691E-05
881.82430	4.2870490E-05
882.56670	4.3043961E-05
883.30900	4.3161151E-05
884.05120	4.3172074E-05
884.79330	4.3116817E-05
885.53540	4.3100331E-05
886.27730	4.3189565E-05
887.01920	4.3357198E-05
887.76090	4.3536939E-05
888.50260	4.3662241E-05
889.24420	4.3688734E-05
889.98570	4.3674871E-05
890.72710	4.3716381E-05
891.46840	4.3867883E-05
892.20960	4.4098876E-05
892.95070	4.4337089E-05
893.69180	4.4499016E-05
894.43270	4.4563400E-05
895.17360	4.4597948E-05
895.91430	4.4687677E-05
896.65500	4.4880924E-05
897.39560	4.5143516E-05
898.13610	4.5423102E-05
898.87650	4.5645416E-05
899.61680	4.5757928E-05
900.35700	4.5802666E-05
901.09710	4.5889460E-05
901.83710	4.6082812E-05
902.57710	4.6358152E-05
903.31690	4.6650199E-05
904.05670	4.6888992E-05
904.79640	4.7023215E-05
905.53590	4.7111357E-05
906.27540	4.7212048E-05
907.01480	4.7373724E-05
907.75410	4.7643493E-05
908.49330	4.7982831E-05
909.23240	4.8294259E-05
909.97150	4.8511759E-05
910.71040	4.8641194E-05
911.44920	4.8766807E-05
912.18800	4.8952914E-05
912.92660	4.9236842E-05
913.66520	4.9599705E-05
914.40370	4.9968822E-05
915.14210	5.0295543E-05
915.88040	5.0546459E-05
916.61860	5.0756451E-05
917.35670	5.0998857E-05
918.09470	5.1332482E-05
918.83260	5.1782937E-05
919.57040	5.2298917E-05
920.30820	5.2799360E-05
921.04580	5.3246067E-05
921.78340	5.3629074E-05
922.52080	5.4013288E-05
923.25820	5.4464575E-05
923.99540	5.5036983E-05
924.73260	5.5723389E-05
925.46970	5.6439371E-05
926.20670	5.7124128E-05
926.94360	5.7763934E-05
927.68040	5.8391749E-05
928.41710	5.9082766E-05
929.15380	5.9909718E-05
929.89030	6.0951521E-05
930.62670	6.2208400E-05
931.36310	6.3618922E-05
932.09930	6.5168599E-05
932.83550	6.6909610E-05
933.57160	6.8913633E-05
934.30750	7.1280839E-05
935.04340	7.4100883E-05
935.77920	7.7420956E-05
936.51490	8.1179201E-05
937.25050	8.5243872E-05
937.98600	8.9484962E-05
938.72140	9.3819496E-05
939.45670	9.8184759E-05
940.19200	1.0248009E-04
940.92710	1.0660835E-04
941.66210	1.1040461E-04
942.39710	1.1357228E-04
943.13190	1.1584615E-04
943.86670	1.1718190E-04
944.60140	1.1764369E-04
945.33590	1.1741204E-04
946.07040	1.1671049E-04
946.80480	1.1571649E-04
947.53910	1.1445744E-04
948.27330	1.1290773E-04
949.00740	1.1107455E-04
949.74140	1.0903409E-04
950.47530	1.0690501E-04
951.20910	1.0483207E-04
951.94280	1.0296849E-04
952.67650	1.0134078E-04
953.41000	9.9839458E-05
954.14350	9.8358363E-05
954.87680	9.6891769E-05
955.61010	9.5453504E-05
956.34320	9.4091896E-05
957.07630	9.2919423E-05
957.80930	9.1998483E-05
958.54210	9.1292444E-05
959.27490	9.0678540E-05
960.00760	9.0066797E-05
960.74020	8.9452802E-05
961.47270	8.8870426E-05
962.20510	8.8369597E-05
962.93740	8.8037413E-05
963.66960	8.7906236E-05
964.40180	8.7872341E-05
965.13380	8.7844814E-05
965.86570	8.7789489E-05
966.59750	8.7706891E-05
967.32930	8.7655578E-05
968.06090	8.7723812E-05
968.79250	8.7908560E-05
969.52390	8.8170883E-05
970.25530	8.8498325E-05
970.98660	8.8779059E-05
971.71770	8.8978086E-05
972.44880	8.9249935E-05
973.17980	8.9642877E-05
973.91070	9.0072194E-05
974.64150	9.0571526E-05
975.37220	9.1155475E-05
976.10280	9.1676394E-05
976.83330	9.2192392E-05
977.56370	9.2843593E-05
978.29400	9.3504032E-05
979.02420	9.4183679E-05
979.75430	9.4967460E-05
980.48440	9.5722987E-05
981.21430	9.6485720E-05
981.94410	9.7285398E-05
982.67390	9.8107678E-05
983.40350	9.8973978E-05
984.13300	9.9891842E-05
984.86250	1.0086724E-04
985.59190	1.1138593E-04
986.32110	1.2431883E-04
987.05030	1.4053379E-04
987.77930	1.6141060E-04
988.50830	1.8936442E-04
989.23720	2.2822683E-04
989.96600	2.8656977E-04
990.69460	3.8417353E-04
991.42320	5.7899608E-04
992.15170	1.1676056E-03
992.88010	1.1802731E-03
993.60840	5.9168732E-04
994.33660	3.9725758E-04
995.06470	3.0007992E-04
995.79270	2.4204407E-04
996.52060	2.0385964E-04
997.24850	2.0378538E-04
997.97620	2.0372834E-04
998.70380	2.0368837E-04
999.43130	2.0362753E-04
1000.15880	0.0000000E+00
1000.88610	0.0000000E+00
1001.61330	0.0000000E+00
1002.34050	0.0000000E+00
1003.06750	0.0000000E+00
